Begin Setup

Getting FW
15SEP17
Starting BC Setup

Remove Sensor and Scan: 042617040460 110102 CO 1705 2.72


Setting OC...done

Setting zero...done
Success
1
Starting T Offset

Enter Temperature_Offset: 1.03


1
Getting LMP Registers
                               LMP91000 Values

LMP R0 = 3
LMP R1 = 145
LMP R2 = 3
1
Setting LMP Registers
Enter LMP91000 Register 0x10:3


Enter LMP91000 Register 0x11:145


Enter LMP91000 Register 0x12:3
Success
1
Starting EEPROM Read
                               EEPROM Values

nA_per_PPM_x100= 272
ADC_OC= 13020
ADC_Zero= 13020
ADC_Span= 65535
Temperature_Offset_x1000= 1030
T_Zero= 29360
RH_Zero= 46810
T_Span= 65535
RH_Span= 65535
LMP91000 Register 0x10= 3
LMP91000 Register 0x11= 145
LMP91000 Register 0x12= 3
Average_Total= 60
Barcode= 042617040460 110102 CO 1705 2.72

Serial_Number= 042617040460

Part_Number= 110102

Gas= CO

Date_Code= 1705

Sensitivity_Code= 2.72
Enter 'Z' When Sensor is Stabilized
Starting Zero


Setting zero...done

Success
Finished Setting Zero
Finished Setup
1/0 (read): raw counts, concentration (ppb), integer temp (degC), float temp (degF), float temp (degC), int humid (%), float humid (%)
1: 13017, 0, 32, 89.37, 31.87, 83, 83.29
1: 13017, 0, 32, 89.37, 31.87, 83, 83.28
1: 13017, 0, 32, 89.37, 31.87, 83, 83.26
1: 13017, 0, 32, 89.37, 31.87, 83, 83.27
1: 13017, 0, 32, 89.37, 31.87, 83, 83.30
1: 13017, 0, 32, 89.37, 31.87, 83, 83.25
1: 13017, 0, 32, 89.37, 31.87, 83, 83.25
1: 13017, 0, 32, 89.37, 31.87, 83, 83.26
1: 13017, 0, 32, 89.38, 31.88, 83, 83.23
1: 13017, 0, 32, 89.38, 31.88, 83, 83.21
1: 13017, 0, 32, 89.38, 31.88, 83, 83.17
1: 13017, 0, 32, 89.38, 31.88, 83, 83.18
1: 13017, 0, 32, 89.38, 31.88, 83, 83.15
1: 13017, 0, 32, 89.38, 31.88, 83, 83.15
1: 13017, 0, 32, 89.38, 31.88, 83, 83.15
1: 13017, 0, 32, 89.38, 31.88, 83, 83.17
1: 13017, 0, 32, 89.38, 31.88, 83, 83.14
1: 13017, 0, 32, 89.38, 31.88, 83, 83.15
1: 13017, 0, 32, 89.38, 31.88, 83, 83.14
1: 13017, 0, 32, 89.38, 31.88, 83, 83.12
1: 13017, 0, 32, 89.38, 31.88, 83, 83.14
1: 13017, 0, 32, 89.38, 31.88, 83, 83.16
1: 13017, 0, 32, 89.38, 31.88, 83, 83.12
1: 13017, 0, 32, 89.38, 31.88, 83, 83.12
1: 13017, 0, 32, 89.38, 31.88, 83, 83.15
1: 13017, 0, 32, 89.38, 31.88, 83, 83.18
1: 13017, 0, 32, 89.38, 31.88, 83, 83.19
1: 13017, 0, 32, 89.38, 31.88, 83, 83.22
1: 13017, 0, 32, 89.38, 31.88, 83, 83.18
1: 13017, 0, 32, 89.38, 31.88, 83, 83.21
1: 13017, 0, 32, 89.38, 31.88, 83, 83.17
1: 13017, 0, 32, 89.38, 31.88, 83, 83.19
1: 13017, 0, 32, 89.38, 31.88, 83, 83.20
1: 13017, 0, 32, 89.38, 31.88, 83, 83.21
1: 13017, 0, 32, 89.38, 31.88, 83, 83.25
1: 13018, 0, 32, 89.39, 31.88, 83, 83.24
1: 13017, 0, 32, 89.39, 31.88, 83, 83.30
1: 13017, 0, 32, 89.39, 31.88, 83, 83.30
1: 13018, 0, 32, 89.39, 31.88, 83, 83.30
1: 13018, 0, 32, 89.39, 31.88, 83, 83.32
1: 13018, 0, 32, 89.39, 31.89, 83, 83.29
1: 13018, 0, 32, 89.39, 31.89, 83, 83.24
1: 13018, 0, 32, 89.40, 31.89, 83, 83.20
1: 13018, 0, 32, 89.40, 31.89, 83, 83.15
1: 13018, 0, 32, 89.40, 31.89, 83, 83.12
1: 13018, 0, 32, 89.40, 31.89, 83, 83.10
1: 13018, 0, 32, 89.41, 31.89, 83, 83.08
1: 13017, 0, 32, 89.41, 31.89, 883.04
1: 13017, 0, 32, 89.41, 31.90, 83, 83.02
1: 13017, 0, 32, 89.42, 31.90, 83, 83.02
1: 13018, 0, 32, 89.42, 31.90, 82, 82.99
1: 13018, 0, 32, 89.42, 31.90, 82, 82.97
1: 13018, 0, 32, 89.43, 31.90, 82, 82.98
1: 13018, 0, 32, 89.43, 31.90, 82, 82.99
1: 13018, 0, 32, 89.43, 31.91, 82, 82.97
1: 13018, 0, 32, 89.44, 31.91, 82, 82.98
1: 13018, 0, 32, 89.44, 31.91, 82, 82.96
1: 13018, 0, 32, 89.44, 31.91, 82, 82.92
1: 13018, 0, 32, 89.44, 31.91, 82, 82.96
1: 13018, 0, 32, 89.44, 31.91, 82, 82.95
1: 13018, 0, 32, 89.45, 31.92, 82, 82.95
1: 13018, 0, 32, 89.45, 31.92, 82, 82.95
1: 13018, 0, 32, 89.45, 31.92, 82, 82.95
1: 13018, 0, 32, 89.45, 31.92, 82, 82.93
1: 13018, 0, 32, 89.45, 31.92, 82, 82.95
1: 13018, 0, 32, 89.45, 31.92, 82, 82.94
1: 13018, 0, 32, 89.45, 31.92, 82, 82.95
1: 13018, 0, 32, 89.45, 31.92, 82, 82.95
1: 13018, 0, 32, 89.45, 31.92, 82, 82.99
1: 13017, 0, 32, 89.45, 31.92, 82, 82.99
1: 13017, 0, 32, 89.45, 31.92, 83, 83.01
1: 13017, 0, 32, 89.45, 31.92, 82, 82.98
1: 13018, 0, 32, 89.45, 31.92, 83, 83.02
1: 13018, 0, 32, 89.45, 31.92, 83, 83.00
1: 13018, 0, 32, 89.45, 31.92, 82, 82.96
1: 13018, 0, 32, 89.45, 31.92, 82, 82.95
1: 13018, 0, 32, 89.45, 31.92, 82, 82.95
1: 13018, 0, 32, 89.45, 31.92, 83, 83.00
1: 13018, 0, 32, 89.45, 31.92, 83, 83.02
1: 13018, 0, 32, 89.45, 31.92, 82, 82.98
1: 13018, 0, 32, 89.45, 31.92, 82, 82.96
1: 13018, 0, 32, 89.45, 31.92, 82, 82.98
1: 13018, 0, 32, 89.45, 31.92, 82, 82.95
1: 13018, 0, 32, 89.45, 31.92, 82, 82.92
1: 13018, 0, 32, 89.45, 31.92, 82, 82.90
1: 13018, 0, 32, 89.44, 31.91, 82, 82.91
1: 13018, 0, 32, 89.44, 31.91, 82, 82.89
1: 13018, 0, 32, 89.44, 31.91, 82, 82.88
1: 13018, 0, 32, 89.44, 31.91, 82, 82.87
1: 13018, 0, 32, 89.44, 31.91, 82, 82.89
1: 13018, 0, 32, 89.44, 31.91, 82, 82.92
1: 13018, 0, 32, 89.44, 31.91, 82, 82.92
1: 13018, 0, 32, 89.44, 31.91, 82, 82.91
1: 13018, 0, 32, 89.44, 31.91, 82, 82.95
1: 13017, 0, 32, 89.44, 31.91, 82, 82.90
1: 13017, 0, 32, 89.45, 31.92, 82, 82.92
1: 13017, 0, 32, 89.45, 31.92, 82, 82.88
1: 13017, 0, 32, 89.45, 31.92, 82, 82.88
1: 13018, 0, 32, 89.45, 31.92, 82, 82.90
1: 13018, 0, 32, 89.45, 31.92, 82, 82.91
1: 13018, 0, 32, 89.45, 31.92, 82, 82.91
1: 13018, 0, 32, 89.45, 31.92, 82, 82.95
1: 13018, 0, 32, 89.45, 31.92, 82, 82.95
1: 13017, 0, 32, 89.45, 31.92, 82, 82.93
1: 13018, 0, 32, 89.45, 31.92, 82, 82.90
1: 13018, 0, 32, 89.45, 31.92, 82, 82.93
1: 13018, 0, 32, 89.45, 31.92, 82, 82.91
1: 13018, 0, 32, 89.45, 31.92, 82, 82.89
1: 13018, 0, 32, 89.45, 31.92, 82, 82.92
1: 13017, 0, 32, 89.44, 31.91, 82, 82.89
1: 13018, 0, 32, 89.44, 31.91, 82, 82.91
1: 13018, 0, 32, 89.44, 31.91, 82, 82.89
1: 13017, 0, 32, 89.44, 31.91, 82, 82.89
1: 13017, 0, 32, 89.44, 31.91, 82, 82.89
1: 13017, 0, 32, 89.44, 31.91, 82, 82.86
1: 13017, 0, 32, 89.44, 31.91, 82, 82.85
1: 13017, 0, 32, 89.44, 31.91, 82, 82.86
1: 13017, 0, 32, 89.44, 31.91, 82, 82.84
1: 13017, 0, 32, 89.44, 31.91, 82, 82.84
1: 13017, 0, 32, 89.44, 31.91, 82, 82.82
1: 13017, 0, 32, 89.44, 31.91, 82, 82.85
1: 13017, 0, 32, 89.44, 31.91, 82, 82.84
1: 13017, 0, 32, 89.44, 31.91, 82, 82.82
1: 13017, 0, 32, 89.44, 31.91, 82, 82.81
1: 13018, 0, 32, 89.44, 31.91, 82, 82.80
1: 13017, 0, 32, 89.44, 31.91, 82, 82.81

