Begin Setup

Getting FW
15SEP17
Starting BC Setup

Remove Sensor and Scan: 120120020411 110601 SO2 2012 32.21


Setting OC...done

Setting zero...done
Success
1
Starting T Offset

Enter Temperature_Offset: 0.00


1
Getting LMP Registers
                               LMP91000 Values

LMP R0 = 3
LMP R1 = 182
LMP R2 = 3
1
Setting LMP Registers
Enter LMP91000 Register 0x10:3


Enter LMP91000 Register 0x11:182


Enter LMP91000 Register 0x12:3
Success
1
Starting EEPROM Read
                               EEPROM Values

nA_per_PPM_x100= 3221
ADC_OC= 33665
ADC_Zero= 33686
ADC_Span= 65535
Temperature_Offset_x1000= 0
T_Zero= 29358
RH_Zero= 45970
T_Span= 65535
RH_Span= 65535
LMP91000 Register 0x10= 3
LMP91000 Register 0x11= 182
LMP91000 Register 0x12= 3
Average_Total= 180
Barcode= 120120020411 110601 SO2 2012 32.21
Serial_Number= 120120020411
Part_Number= 110601
Gas= SO2
Date_Code= 2012
Sensitivity_Code= 32.21

Enter 'Z' When Sensor is Stabilized
Starting Zero


Setting zero...done

Success
Finished Setting Zero
Finished Setup
1/0 (read): raw counts, concentration (ppb), integer temp (degC), float temp (degF), float temp (degC), int humid (%), float humid (%)
1: 33674, 0, 31, 89.37, 31.87, 81, 81.44
1: 33661, 0, 31, 89.37, 31.87, 81, 81.21
1: 33649, 0, 31, 89.37, 31.87, 82, 82.17
1: 33734, 0, 31, 89.37, 31.87, 84, 84.71
1: 33755, 0, 31, 89.38, 31.88, 83, 83.04
1: 33729, 0, 31, 89.39, 31.89, 82, 82.79
1: 33723, 0, 31, 89.40, 31.89, 82, 82.33
1: 33721, 0, 31, 89.41, 31.89, 81, 81.85
1: 33719, 0, 31, 89.41, 31.90, 81, 81.59
1: 33718, 0, 31, 89.42, 31.90, 81, 81.31
1: 33717, 0, 31, 89.42, 31.90, 81, 81.16

Setting Average time (range: 1-300 seconds)

Enter Average Total: 180


1: 33715, 0, 31, 89.43, 31.91, 80, 80.72
1: 33714, 0, 31, 89.44, 31.91, 80, 80.57
1: 33713, 0, 31, 89.44, 31.91, 80, 80.43
1: 33712, 0, 31, 89.45, 31.92, 80, 80.35
1: 33712, 0, 31, 89.45, 31.92, 80, 80.25
1: 33710, 0, 31, 89.45, 31.92, 80, 80.19
1: 33708, 0, 31, 89.46, 31.92, 80, 80.16
1: 33708, 0, 31, 89.46, 31.92, 80, 80.13
1: 33707, 0, 31, 89.47, 31.93, 80, 80.12
1: 33706, 0, 31, 89.47, 31.93, 80, 80.12
1: 33704, 0, 31, 89.47, 31.93, 80, 80.09
1: 33703, 0, 31, 89.48, 31.93, 80, 80.10
1: 33701, 0, 31, 89.48, 31.93, 80, 80.09
1: 33699, 0, 31, 89.48, 31.93, 80, 80.12
1: 33697, 0, 31, 89.49, 31.94, 80, 80.12
1: 33696, 0, 31, 89.49, 31.94, 80, 80.14
1: 33695, 0, 31, 89.49, 31.94, 80, 80.12
1: 33692, 0, 31, 89.50, 31.94, 80, 80.13
1: 33690, 0, 31, 89.50, 31.94, 80, 80.17
1: 33690, 0, 31, 89.50, 31.94, 80, 80.22
1: 33688, 0, 31, 89.50, 31.94, 80, 80.25
1: 33687, 0, 31, 89.51, 31.95, 80, 80.26
1: 33685, 0, 31, 89.51, 31.95, 80, 80.24
1: 33683, 0, 31, 89.51, 31.95, 80, 80.32
1: 33682, 0, 31, 89.51, 31.95, 80, 80.39
1: 33681, 0, 31, 89.51, 31.95, 80, 80.51
1: 33681, 0, 31, 89.51, 31.95, 80, 80.61
1: 33679, 0, 31, 89.52, 31.96, 80, 56
1: 33678, 0, 31, 89.52, 31.96, 80, 80.53
1: 33675, 0, 31, 89.52, 31.96, 80, 80.51
1: 33673, 0, 31, 89.52, 31.96, 80, 80.44
1: 33670, 0, 31, 89.52, 31.96, 80, 80.44
1: 33669, 0, 31, 89.53, 31.96, 80, 80.42
1: 33668, 0, 31, 89.53, 31.96, 80, 80.40
1: 33666, 0, 31, 89.53, 31.96, 80, 80.40
1: 33665, 0, 31, 89.53, 31.96, 80, 80.43
1: 33664, 0, 31, 89.53, 31.96, 80, 80.40
1: 33662, 0, 31, 89.53, 31.96, 80, 80.40
1: 33661, 0, 31, 89.54, 31.97, 80, 80.41
1: 33659, 0, 31, 89.54, 31.97, 80, 80.44
1: 33657, 0, 31, 89.54, 31.97, 80, 80.45
1: 33633, 0, 31, 89.54, 31.97, 80, 80.45
1: 33645, 0, 31, 89.54, 31.97, 80, 80.47
1: 33656, 0, 31, 89.54, 31.97, 80, 80.46
1: 33656, 0, 31, 89.54, 31.97, 80, 80.43
1: 33655, 0, 31, 89.54, 31.97, 80, 80.44
1: 33654, 0, 31, 89.54, 31.97, 80, 80.41
1: 33653, 0, 31, 89.54, 31.97, 80, 80.44
1: 33651, 0, 31, 89.54, 31.97, 80, 80.44
1: 33650, 0, 31, 89.54, 31.97, 80, 80.46
1: 33651, 0, 31, 89.54, 31.97, 80, 80.51
1: 33666, 0, 31, 89.55, 31.97, 80, 80.51
1: 33667, 0, 31, 89.55, 31.97, 80, 80.51
1: 33667, 0, 31, 89.55, 31.97, 80, 80.55


